COUNTRATE ANALYSIS: round_16.ttbin
Integration Time: 600 s
Hardware Deadtime: 900000 ps
=================================================================
Ch   | Raw (Hz)        | Deadtime (Hz)   | Gated (Hz)     
-----------------------------------------------------------------
1    | 10116.9         | 10016.0         | 8180.8         
2    | 532.7           | 532.4           | 491.3          
3    | 5.5             | 5.5             | 4.0            
4    | 0.2             | 0.2             | 0.0            
5    | 0.0             | 0.0             | 0.0            
6    | 0.0             | 0.0             | 0.0            
7    | 0.0             | 0.0             | 0.0            
8    | 0.0             | 0.0             | 0.0            
9    | 29179.9         | 27742.8         | 22923.4        
10   | 2409.9          | 2405.8          | 2143.7         
11   | 89.6            | 89.6            | 84.9           
12   | 4.1             | 4.1             | 2.5            
13   | 0.2             | 0.2             | 0.1            
14   | 0.1             | 0.1             | 0.0            
15   | 0.0             | 0.0             | 0.0            
16   | 0.0             | 0.0             | 0.0            
17   | 15657.1         | 15388.3         | 13732.1        
18   | 387.1           | 387.1           | 360.0          
19   | 6.9             | 6.9             | 0.0            
20   | 0.0             | 0.0             | 0.0            
21   | 0.0             | 0.0             | 0.0            
22   | 0.0             | 0.0             | 0.0            
23   | 0.0             | 0.0             | 0.0            
24   | 0.0             | 0.0             | 0.0            
25   | 17218.8         | 17085.1         | 15121.8        
26   | 466.9           | 466.9           | 426.3          
27   | 9.6             | 9.6             | 5.6            
28   | 0.2             | 0.2             | 0.0            
29   | 0.0             | 0.0             | 0.0            
30   | 0.0             | 0.0             | 0.0            
31   | 0.0             | 0.0             | 0.0            
32   | 0.0             | 0.0             | 0.0            
-----------------------------------------------------------------
SUM  | 76085.7         | 74140.8         | 63476.4        
=================================================================
