COUNTRATE ANALYSIS: round_1.ttbin
Integration Time: 600 s
Hardware Deadtime: 900000 ps
=================================================================
Ch   | Raw (Hz)        | Deadtime (Hz)   | Gated (Hz)     
-----------------------------------------------------------------
1    | 11200.4         | 11076.2         | 9078.5         
2    | 654.9           | 654.5           | 613.1          
3    | 11.3            | 11.4            | 6.6            
4    | 0.6             | 0.6             | 0.0            
5    | 0.0             | 0.0             | 0.0            
6    | 0.0             | 0.0             | 0.0            
7    | 0.0             | 0.0             | 0.0            
8    | 0.0             | 0.0             | 0.0            
9    | 31554.3         | 29982.4         | 24565.7        
10   | 2905.7          | 2902.7          | 2583.2         
11   | 114.1           | 114.1           | 105.1          
12   | 6.3             | 6.2             | 4.2            
13   | 0.4             | 0.4             | 0.0            
14   | 0.0             | 0.0             | 0.0            
15   | 0.0             | 0.0             | 0.0            
16   | 0.0             | 0.0             | 0.0            
17   | 16531.4         | 16253.4         | 14547.5        
18   | 426.1           | 425.9           | 402.4          
19   | 8.6             | 8.6             | 1.4            
20   | 0.3             | 0.3             | 0.0            
21   | 0.0             | 0.0             | 0.0            
22   | 0.0             | 0.0             | 0.0            
23   | 0.0             | 0.0             | 0.0            
24   | 0.0             | 0.0             | 0.0            
25   | 18589.0         | 18440.5         | 16338.8        
26   | 552.0           | 551.4           | 519.2          
27   | 11.5            | 11.6            | 9.4            
28   | 0.2             | 0.2             | 0.0            
29   | 0.0             | 0.0             | 0.0            
30   | 0.0             | 0.0             | 0.0            
31   | 0.0             | 0.0             | 0.0            
32   | 0.0             | 0.0             | 0.0            
-----------------------------------------------------------------
SUM  | 82567.0         | 80440.5         | 68775.1        
=================================================================
