COUNTRATE ANALYSIS: round_19.ttbin
Integration Time: 600 s
Hardware Deadtime: 900000 ps
=================================================================
Ch   | Raw (Hz)        | Deadtime (Hz)   | Gated (Hz)     
-----------------------------------------------------------------
1    | 10305.0         | 10197.5         | 8357.7         
2    | 542.8           | 542.5           | 509.4          
3    | 8.7             | 8.7             | 5.9            
4    | 0.2             | 0.2             | 0.0            
5    | 0.0             | 0.0             | 0.0            
6    | 0.0             | 0.0             | 0.0            
7    | 0.0             | 0.0             | 0.0            
8    | 0.0             | 0.0             | 0.0            
9    | 29546.5         | 28083.8         | 23144.7        
10   | 2483.0          | 2478.8          | 2207.9         
11   | 90.2            | 90.7            | 85.3           
12   | 4.7             | 4.7             | 3.5            
13   | 0.5             | 0.5             | 0.0            
14   | 0.0             | 0.0             | 0.0            
15   | 0.0             | 0.0             | 0.0            
16   | 0.0             | 0.0             | 0.0            
17   | 11728.9         | 11549.6         | 10298.5        
18   | 246.4           | 246.1           | 231.0          
19   | 3.1             | 3.1             | 1.1            
20   | 0.1             | 0.1             | 0.0            
21   | 0.0             | 0.0             | 0.0            
22   | 0.0             | 0.0             | 0.0            
23   | 0.0             | 0.0             | 0.0            
24   | 0.0             | 0.0             | 0.0            
25   | 12340.4         | 12262.1         | 10697.4        
26   | 366.4           | 366.6           | 331.8          
27   | 5.3             | 5.2             | 0.0            
28   | 0.0             | 0.0             | 0.0            
29   | 0.0             | 0.0             | 0.0            
30   | 0.0             | 0.0             | 0.0            
31   | 0.0             | 0.0             | 0.0            
32   | 0.0             | 0.0             | 0.0            
-----------------------------------------------------------------
SUM  | 67672.4         | 65840.5         | 55874.2        
=================================================================
