COUNTRATE ANALYSIS: round_2.ttbin
Integration Time: 600 s
Hardware Deadtime: 900000 ps
=================================================================
Ch   | Raw (Hz)        | Deadtime (Hz)   | Gated (Hz)     
-----------------------------------------------------------------
1    | 10868.3         | 10745.3         | 8823.8         
2    | 593.4           | 593.4           | 556.3          
3    | 11.5            | 11.5            | 10.3           
4    | 0.2             | 0.2             | 0.0            
5    | 0.0             | 0.0             | 0.0            
6    | 0.0             | 0.0             | 0.0            
7    | 0.0             | 0.0             | 0.0            
8    | 0.0             | 0.0             | 0.0            
9    | 30800.9         | 29276.5         | 24072.3        
10   | 2709.9          | 2706.0          | 2397.9         
11   | 111.3           | 111.1           | 104.4          
12   | 5.5             | 5.4             | 2.4            
13   | 0.2             | 0.2             | 0.0            
14   | 0.0             | 0.0             | 0.0            
15   | 0.0             | 0.0             | 0.0            
16   | 0.0             | 0.0             | 0.0            
17   | 17031.7         | 16742.9         | 14999.2        
18   | 443.1           | 442.8           | 417.1          
19   | 8.3             | 8.3             | 3.7            
20   | 0.3             | 0.3             | 0.0            
21   | 0.0             | 0.0             | 0.0            
22   | 0.0             | 0.0             | 0.0            
23   | 0.0             | 0.0             | 0.0            
24   | 0.0             | 0.0             | 0.0            
25   | 19114.8         | 18966.0         | 16880.9        
26   | 514.7           | 513.9           | 484.6          
27   | 9.8             | 9.7             | 5.5            
28   | 0.6             | 0.6             | 0.0            
29   | 0.0             | 0.0             | 0.0            
30   | 0.0             | 0.0             | 0.0            
31   | 0.0             | 0.0             | 0.0            
32   | 0.0             | 0.0             | 0.0            
-----------------------------------------------------------------
SUM  | 82224.4         | 80134.1         | 68758.4        
=================================================================
