COUNTRATE ANALYSIS: round_14.ttbin
Integration Time: 600 s
Hardware Deadtime: 900000 ps
=================================================================
Ch   | Raw (Hz)        | Deadtime (Hz)   | Gated (Hz)     
-----------------------------------------------------------------
1    | 10235.2         | 10125.5         | 8270.8         
2    | 539.5           | 539.4           | 497.0          
3    | 6.7             | 6.7             | 5.3            
4    | 0.5             | 0.5             | 0.0            
5    | 0.0             | 0.0             | 0.0            
6    | 0.0             | 0.0             | 0.0            
7    | 0.0             | 0.0             | 0.0            
8    | 0.0             | 0.0             | 0.0            
9    | 29439.5         | 27982.9         | 23074.6        
10   | 2484.5          | 2480.2          | 2208.1         
11   | 93.8            | 93.8            | 88.0           
12   | 5.7             | 5.7             | 0.2            
13   | 0.1             | 0.1             | 0.0            
14   | 0.0             | 0.0             | 0.0            
15   | 0.0             | 0.0             | 0.0            
16   | 0.0             | 0.0             | 0.0            
17   | 16431.5         | 16149.9         | 14454.0        
18   | 416.0           | 415.8           | 389.1          
19   | 7.7             | 7.7             | 6.6            
20   | 0.2             | 0.2             | 0.0            
21   | 0.0             | 0.0             | 0.0            
22   | 0.0             | 0.0             | 0.0            
23   | 0.0             | 0.0             | 0.0            
24   | 0.0             | 0.0             | 0.0            
25   | 18290.0         | 18150.1         | 16124.5        
26   | 488.1           | 488.0           | 458.1          
27   | 9.6             | 9.6             | 5.8            
28   | 0.4             | 0.4             | 0.0            
29   | 0.0             | 0.0             | 0.0            
30   | 0.0             | 0.0             | 0.0            
31   | 0.0             | 0.0             | 0.0            
32   | 0.0             | 0.0             | 0.0            
-----------------------------------------------------------------
SUM  | 78449.0         | 76456.6         | 65582.1        
=================================================================
