COUNTRATE ANALYSIS: round_20.ttbin
Integration Time: 600 s
Hardware Deadtime: 900000 ps
=================================================================
Ch   | Raw (Hz)        | Deadtime (Hz)   | Gated (Hz)     
-----------------------------------------------------------------
1    | 10393.2         | 10283.0         | 8430.1         
2    | 562.1           | 561.7           | 526.3          
3    | 6.8             | 6.8             | 6.1            
4    | 0.3             | 0.3             | 0.0            
5    | 0.0             | 0.0             | 0.0            
6    | 0.0             | 0.0             | 0.0            
7    | 0.0             | 0.0             | 0.0            
8    | 0.0             | 0.0             | 0.0            
9    | 29965.8         | 28510.8         | 23475.4        
10   | 2565.6          | 2561.8          | 2277.4         
11   | 97.7            | 97.6            | 93.2           
12   | 4.4             | 4.4             | 3.7            
13   | 0.1             | 0.1             | 0.0            
14   | 0.0             | 0.0             | 0.0            
15   | 0.0             | 0.0             | 0.0            
16   | 0.0             | 0.0             | 0.0            
17   | 10932.2         | 10767.5         | 9564.4         
18   | 225.8           | 225.6           | 210.9          
19   | 2.6             | 2.6             | 1.5            
20   | 0.1             | 0.1             | 0.0            
21   | 0.0             | 0.0             | 0.0            
22   | 0.0             | 0.0             | 0.0            
23   | 0.0             | 0.0             | 0.0            
24   | 0.0             | 0.0             | 0.0            
25   | 11376.1         | 11303.3         | 9827.2         
26   | 333.8           | 333.9           | 293.0          
27   | 3.9             | 3.9             | 0.0            
28   | 0.0             | 0.0             | 0.0            
29   | 0.0             | 0.0             | 0.0            
30   | 0.0             | 0.0             | 0.0            
31   | 0.0             | 0.0             | 0.0            
32   | 0.0             | 0.0             | 0.0            
-----------------------------------------------------------------
SUM  | 66470.6         | 64663.6         | 54709.1        
=================================================================
