COUNTRATE ANALYSIS: round_8.ttbin
Integration Time: 600 s
Hardware Deadtime: 900000 ps
=================================================================
Ch   | Raw (Hz)        | Deadtime (Hz)   | Gated (Hz)     
-----------------------------------------------------------------
1    | 10366.1         | 10250.6         | 8402.5         
2    | 548.6           | 548.6           | 507.4          
3    | 7.4             | 7.4             | 6.2            
4    | 0.3             | 0.3             | 0.0            
5    | 0.0             | 0.0             | 0.0            
6    | 0.0             | 0.0             | 0.0            
7    | 0.0             | 0.0             | 0.0            
8    | 0.0             | 0.0             | 0.0            
9    | 29748.0         | 28290.3         | 23335.3        
10   | 2485.8          | 2481.8          | 2216.5         
11   | 87.5            | 87.5            | 81.5           
12   | 4.6             | 4.6             | 3.2            
13   | 0.3             | 0.3             | 0.0            
14   | 0.0             | 0.0             | 0.0            
15   | 0.0             | 0.0             | 0.0            
16   | 0.0             | 0.0             | 0.0            
17   | 14506.3         | 14271.4         | 12769.2        
18   | 329.0           | 328.9           | 305.5          
19   | 4.2             | 4.2             | 0.0            
20   | 0.0             | 0.0             | 0.0            
21   | 0.0             | 0.0             | 0.0            
22   | 0.0             | 0.0             | 0.0            
23   | 0.0             | 0.0             | 0.0            
24   | 0.0             | 0.0             | 0.0            
25   | 15798.9         | 15681.9         | 13877.0        
26   | 406.5           | 406.5           | 384.0          
27   | 7.1             | 7.1             | 2.6            
28   | 0.1             | 0.1             | 0.0            
29   | 0.0             | 0.0             | 0.0            
30   | 0.0             | 0.0             | 0.0            
31   | 0.0             | 0.0             | 0.0            
32   | 0.0             | 0.0             | 0.0            
-----------------------------------------------------------------
SUM  | 74300.8         | 72371.6         | 61890.8        
=================================================================
