COUNTRATE ANALYSIS: round_2.ttbin
Integration Time: 600 s
Hardware Deadtime: 900000 ps
=================================================================
Ch   | Raw (Hz)        | Deadtime (Hz)   | Gated (Hz)     
-----------------------------------------------------------------
1    | 11004.5         | 10884.2         | 8929.5         
2    | 617.3           | 617.2           | 574.2          
3    | 9.9             | 9.9             | 2.6            
4    | 0.2             | 0.2             | 0.0            
5    | 0.0             | 0.0             | 0.0            
6    | 0.0             | 0.0             | 0.0            
7    | 0.0             | 0.0             | 0.0            
8    | 0.0             | 0.0             | 0.0            
9    | 31120.0         | 29560.2         | 24228.6        
10   | 2829.8          | 2825.0          | 2517.3         
11   | 115.4           | 115.4           | 108.7          
12   | 6.4             | 6.4             | 1.0            
13   | 0.2             | 0.2             | 0.0            
14   | 0.0             | 0.0             | 0.0            
15   | 0.0             | 0.0             | 0.0            
16   | 0.0             | 0.0             | 0.0            
17   | 15626.1         | 15353.3         | 13757.8        
18   | 391.1           | 390.9           | 368.4          
19   | 9.1             | 9.1             | 0.0            
20   | 0.0             | 0.0             | 0.0            
21   | 0.0             | 0.0             | 0.0            
22   | 0.0             | 0.0             | 0.0            
23   | 0.0             | 0.0             | 0.0            
24   | 0.0             | 0.0             | 0.0            
25   | 17379.2         | 17247.0         | 15327.1        
26   | 475.3           | 475.3           | 438.8          
27   | 7.1             | 7.1             | 4.0            
28   | 0.1             | 0.1             | 0.0            
29   | 0.0             | 0.0             | 0.0            
30   | 0.0             | 0.0             | 0.0            
31   | 0.0             | 0.0             | 0.0            
32   | 0.0             | 0.0             | 0.0            
-----------------------------------------------------------------
SUM  | 79591.9         | 77501.6         | 66258.1        
=================================================================
