COUNTRATE ANALYSIS: round_4.ttbin
Integration Time: 600 s
Hardware Deadtime: 900000 ps
=================================================================
Ch   | Raw (Hz)        | Deadtime (Hz)   | Gated (Hz)     
-----------------------------------------------------------------
1    | 10962.7         | 10844.3         | 8899.8         
2    | 619.5           | 619.4           | 580.6          
3    | 9.5             | 9.6             | 0.1            
4    | 0.1             | 0.1             | 0.0            
5    | 0.0             | 0.0             | 0.0            
6    | 0.0             | 0.0             | 0.0            
7    | 0.0             | 0.0             | 0.0            
8    | 0.0             | 0.0             | 0.0            
9    | 31148.7         | 29604.7         | 24336.4        
10   | 2785.6          | 2778.3          | 2470.8         
11   | 106.4           | 106.2           | 97.8           
12   | 5.7             | 5.6             | 0.0            
13   | 0.0             | 0.0             | 0.0            
14   | 0.0             | 0.0             | 0.0            
15   | 0.0             | 0.0             | 0.0            
16   | 0.0             | 0.0             | 0.0            
17   | 12115.4         | 11919.6         | 10606.9        
18   | 264.7           | 264.1           | 246.3          
19   | 4.2             | 4.2             | 0.0            
20   | 0.0             | 0.0             | 0.0            
21   | 0.0             | 0.0             | 0.0            
22   | 0.0             | 0.0             | 0.0            
23   | 0.0             | 0.0             | 0.0            
24   | 0.0             | 0.0             | 0.0            
25   | 12931.0         | 12837.2         | 11179.2        
26   | 408.8           | 408.2           | 378.3          
27   | 5.9             | 5.8             | 3.4            
28   | 0.3             | 0.3             | 0.0            
29   | 0.0             | 0.0             | 0.0            
30   | 0.0             | 0.0             | 0.0            
31   | 0.0             | 0.0             | 0.0            
32   | 0.0             | 0.0             | 0.0            
-----------------------------------------------------------------
SUM  | 71368.5         | 69407.7         | 58799.6        
=================================================================
