COUNTRATE ANALYSIS: round_24.ttbin
Integration Time: 600 s
Hardware Deadtime: 900000 ps
=================================================================
Ch   | Raw (Hz)        | Deadtime (Hz)   | Gated (Hz)     
-----------------------------------------------------------------
1    | 11022.9         | 10900.7         | 8946.7         
2    | 622.3           | 621.8           | 576.8          
3    | 9.3             | 9.3             | 8.2            
4    | 0.4             | 0.4             | 0.0            
5    | 0.0             | 0.0             | 0.0            
6    | 0.0             | 0.0             | 0.0            
7    | 0.0             | 0.0             | 0.0            
8    | 0.0             | 0.0             | 0.0            
9    | 31382.9         | 29823.6         | 24451.9        
10   | 2844.2          | 2838.3          | 2524.5         
11   | 109.6           | 109.6           | 102.5          
12   | 6.2             | 6.2             | 3.0            
13   | 0.1             | 0.1             | 0.0            
14   | 0.0             | 0.0             | 0.0            
15   | 0.0             | 0.0             | 0.0            
16   | 0.0             | 0.0             | 0.0            
17   | 17028.7         | 16737.4         | 14960.9        
18   | 457.6           | 457.8           | 431.4          
19   | 9.1             | 9.2             | 6.7            
20   | 0.4             | 0.4             | 0.0            
21   | 0.0             | 0.0             | 0.0            
22   | 0.0             | 0.0             | 0.0            
23   | 0.0             | 0.0             | 0.0            
24   | 0.0             | 0.0             | 0.0            
25   | 19181.1         | 19038.6         | 16897.1        
26   | 543.5           | 543.3           | 514.8          
27   | 11.7            | 11.7            | 8.7            
28   | 0.2             | 0.2             | 0.0            
29   | 0.0             | 0.0             | 0.0            
30   | 0.0             | 0.0             | 0.0            
31   | 0.0             | 0.0             | 0.0            
32   | 0.0             | 0.0             | 0.0            
-----------------------------------------------------------------
SUM  | 83230.3         | 81108.6         | 69433.2        
=================================================================
