COUNTRATE ANALYSIS: round_4.ttbin
Integration Time: 600 s
Hardware Deadtime: 900000 ps
=================================================================
Ch   | Raw (Hz)        | Deadtime (Hz)   | Gated (Hz)     
-----------------------------------------------------------------
1    | 10749.4         | 10639.6         | 8718.4         
2    | 583.0           | 582.6           | 549.6          
3    | 10.0            | 9.9             | 0.6            
4    | 0.1             | 0.1             | 0.0            
5    | 0.0             | 0.0             | 0.0            
6    | 0.0             | 0.0             | 0.0            
7    | 0.0             | 0.0             | 0.0            
8    | 0.0             | 0.0             | 0.0            
9    | 30626.4         | 29113.0         | 23877.3        
10   | 2726.3          | 2721.9          | 2420.1         
11   | 104.8           | 104.7           | 99.1           
12   | 5.3             | 5.3             | 1.9            
13   | 0.1             | 0.1             | 0.0            
14   | 0.0             | 0.0             | 0.0            
15   | 0.0             | 0.0             | 0.0            
16   | 0.0             | 0.0             | 0.0            
17   | 17525.6         | 17225.8         | 15433.6        
18   | 458.4           | 458.3           | 431.8          
19   | 10.3            | 10.3            | 7.3            
20   | 0.3             | 0.3             | 0.0            
21   | 0.0             | 0.0             | 0.0            
22   | 0.0             | 0.0             | 0.0            
23   | 0.0             | 0.0             | 0.0            
24   | 0.0             | 0.0             | 0.0            
25   | 19723.2         | 19582.0         | 17390.5        
26   | 555.5           | 555.3           | 525.1          
27   | 11.9            | 11.9            | 0.0            
28   | 0.0             | 0.0             | 0.0            
29   | 0.0             | 0.0             | 0.0            
30   | 0.0             | 0.0             | 0.0            
31   | 0.0             | 0.0             | 0.0            
32   | 0.0             | 0.0             | 0.0            
-----------------------------------------------------------------
SUM  | 83090.5         | 81021.2         | 69455.3        
=================================================================
