COUNTRATE ANALYSIS: round_24.ttbin
Integration Time: 600 s
Hardware Deadtime: 900000 ps
=================================================================
Ch   | Raw (Hz)        | Deadtime (Hz)   | Gated (Hz)     
-----------------------------------------------------------------
1    | 10876.6         | 10757.2         | 8819.1         
2    | 610.2           | 609.7           | 569.5          
3    | 8.9             | 8.8             | 1.5            
4    | 0.1             | 0.1             | 0.0            
5    | 0.0             | 0.0             | 0.0            
6    | 0.0             | 0.0             | 0.0            
7    | 0.0             | 0.0             | 0.0            
8    | 0.0             | 0.0             | 0.0            
9    | 31029.9         | 29490.3         | 24182.8        
10   | 2791.8          | 2786.7          | 2475.8         
11   | 107.6           | 107.8           | 98.2           
12   | 6.2             | 6.1             | 5.5            
13   | 0.4             | 0.4             | 0.0            
14   | 0.0             | 0.0             | 0.0            
15   | 0.0             | 0.0             | 0.0            
16   | 0.0             | 0.0             | 0.0            
17   | 17062.0         | 16763.1         | 14995.2        
18   | 463.8           | 463.2           | 438.4          
19   | 9.6             | 9.6             | 5.7            
20   | 0.3             | 0.3             | 0.0            
21   | 0.0             | 0.0             | 0.0            
22   | 0.0             | 0.0             | 0.0            
23   | 0.0             | 0.0             | 0.0            
24   | 0.0             | 0.0             | 0.0            
25   | 19135.9         | 18978.4         | 16839.9        
26   | 553.4           | 553.4           | 520.1          
27   | 11.0            | 11.0            | 8.9            
28   | 0.2             | 0.2             | 0.0            
29   | 0.1             | 0.1             | 0.0            
30   | 0.0             | 0.0             | 0.0            
31   | 0.0             | 0.0             | 0.0            
32   | 0.0             | 0.0             | 0.0            
-----------------------------------------------------------------
SUM  | 82668.2         | 80546.5         | 68960.6        
=================================================================
